680 B 353 209.830000
828 S 93 623.820000
410 S 360 8.950000
317 S 334 958.620000
207 S 534 781.340000
32 S 677 328.880000
516 S 105 301.190000
734 S 920 295.880000
619 B 801 394.770000
820 S 674 780.570000
892 S 973 699.710000
693 B 125 404.610000
147 S 8 960.000000
934 B 706 43.970000
280 B 1 155.640000
946 S 240 466.850000
370 B 69 457.010000
595 S 897 149.380000
977 S 338 336.070000
234 S 12 703.620000
398 S 882 384.830000
97 B 832 723.460000
401 B 11 143.210000
875 S 404 511.050000
477 B 992 824.740000
612 B 895 567.740000
489 B 822 720.080000
664 B 768 678.150000
68 S 940 870.490000
540 S 353 160.570000
774 B 257 53.640000
384 S 650 134.480000
910 B 343 679.920000
340 S 180 495.130000
534 B 775 558.670000
151 B 583 608.310000
796 S 100 639.530000
42 B 206 935.660000
203 B 730 48.110000
79 B 206 711.060000
600 S 386 182.000000
826 B 644 112.400000
271 S 196 333.750000
411 B 628 559.720000
871 B 771 120.520000
592 S 786 383.470000
922 B 777 998.870000
751 B 296 16.040000
802 S 885 171.370000
227 B 645 872.180000
510 B 527 789.700000
106 B 388 234.080000
881 B 909 965.230000
713 B 770 691.000000
54 B 816 410.450000
484 B 953 498.730000
199 S 984 20.210000
146 S 99 365.040000
754 S 546 311.870000
177 B 318 528.260000
769 S 293 518.300000
858 B 814 147.190000
67 B 958 145.670000
834 B 235 229.890000
986 S 941 41.160000
511 S 799 119.150000
100 B 790 411.740000
686 S 865 395.030000
76 B 748 534.680000
803 B 575 285.680000
257 B 50 740.160000
928 B 481 680.550000
694 B 736 593.160000
353 S 788 50.840000
332 S 641 357.880000
548 B 640 115.650000
462 B 692 232.070000
869 S 291 800.470000
622 B 257 671.720000
308 B 284 733.180000
780 S 713 490.370000
482 S 952 496.360000
641 B 300 416.070000
242 B 943 561.850000
124 B 92 155.560000
126 S 539 768.740000
237 B 527 706.110000
44 B 433 98.530000
979 S 210 390.780000
12 S 980 99.740000
779 B 738 405.810000
933 B 880 214.680000
179 S 482 377.580000
372 S 21 831.910000
776 B 74 198.910000
907 B 190 582.640000
771 B 280 80.060000
264 B 358 877.580000
23 B 100 620.470000
487 S 637 889.760000
692 B 286 107.930000
553 B 642 160.280000
443 B 520 477.570000
650 S 650 989.600000
292 S 843 572.520000
818 S 680 518.730000
872 B 805 822.030000
854 S 159 607.630000
956 S 931 737.660000
738 B 231 267.270000
615 S 773 415.950000
78 B 972 833.240000
530 B 869 816.720000
259 S 339 514.330000
885 S 194 932.810000
325 B 688 327.430000
281 B 652 801.710000
832 S 8 53.900000
849 S 852 479.740000
654 S 238 126.140000
894 B 282 687.160000
202 S 92 294.320000
449 S 728 521.780000
121 S 151 780.590000
498 B 352 253.640000
784 S 793 340.250000
767 B 614 957.080000
103 B 52 271.370000
108 S 29 929.190000
156 B 260 891.920000
451 S 253 627.760000
4 B 833 615.640000
87 B 201 97.280000
250 B 389 374.970000
277 B 610 327.530000
198 B 386 335.940000
926 S 196 784.380000
501 B 56 865.100000
73 B 481 292.700000
557 B 544 69.450000
216 S 478 158.730000
48 S 356 946.900000
452 B 184 785.640000
739 S 599 920.180000
964 S 741 354.850000
185 S 770 77.760000
763 B 468 124.760000
939 S 100 780.430000
974 B 199 702.610000
648 S 369 897.640000
330 B 141 909.790000
341 S 924 524.810000
689 S 837 528.680000
813 B 829 822.630000
241 B 12 861.310000
112 S 967 783.600000
764 S 816 19.140000
116 S 948 602.450000
943 S 361 710.280000
575 S 453 675.590000
262 B 198 68.930000
186 S 118 509.650000
347 S 504 23.160000
724 S 681 412.710000
157 B 992 815.730000
807 B 93 180.460000
925 B 29 274.110000
629 S 31 416.570000
215 B 968 5.090000
360 B 964 356.040000
608 S 873 346.710000
873 S 840 487.820000
825 S 510 302.210000
990 B 980 586.740000
844 S 587 727.230000
366 S 490 981.260000
115 S 159 381.840000
855 B 20 894.060000
440 B 920 824.840000
374 B 98 427.490000
217 S 261 620.960000
765 B 688 12.560000
524 B 341 234.370000
965 S 435 279.910000
617 B 842 749.940000
412 B 220 506.430000
182 S 826 802.730000
338 B 847 418.740000
551 S 597 862.250000
841 S 724 316.060000
572 S 137 819.470000
315 B 90 458.090000
342 B 372 62.410000
588 S 278 254.090000
333 S 821 583.600000
604 B 484 459.690000
349 S 805 286.160000
387 S 568 590.740000
565 B 234 324.190000
515 S 162 207.120000
431 S 38 755.850000
998 S 591 910.390000
282 B 612 363.830000
178 B 135 667.000000
651 S 115 843.430000
502 B 123 557.030000
726 B 327 224.810000
404 S 688 534.090000
294 S 316 160.350000
2 B 10 667.940000
426 B 626 968.560000
324 B 830 772.830000
405 S 201 819.640000
677 B 236 284.660000
320 B 479 396.280000
830 B 435 660.170000
142 B 237 478.360000
505 B 225 455.150000
22 S 856 601.020000
624 S 689 875.240000
300 B 18 850.350000
321 B 937 565.530000
578 B 792 355.430000
591 B 134 734.500000
788 B 820 371.430000
911 S 831 683.370000
698 S 223 665.040000
862 B 228 90.390000
453 S 673 758.130000
45 S 363 868.080000
224 B 193 28.100000
456 S 491 904.600000
883 B 22 586.530000
954 B 525 529.040000
500 B 95 320.230000
814 B 48 59.180000
797 S 702 193.470000
730 B 576 611.680000
208 B 176 578.610000
134 S 32 333.330000
478 B 313 334.940000
798 B 654 100.150000
7 B 46 904.110000
140 B 628 618.320000
479 S 751 281.950000
631 S 447 152.790000
47 B 752 755.700000
52 S 717 217.860000
235 B 34 425.350000
0 B 684 438.520000
655 S 344 645.070000
29 B 1 405.850000
269 B 547 615.060000
243 S 860 840.810000
252 B 120 164.320000
712 B 355 835.270000
585 B 505 208.800000
41 S 631 314.720000
143 S 75 544.240000
558 S 491 162.390000
263 B 932 459.250000
859 S 61 551.910000
699 S 114 547.540000
644 S 937 637.010000
539 S 3 630.500000
200 B 175 615.470000
272 B 446 637.900000
625 B 703 358.100000
260 S 19 947.110000
757 B 13 175.820000
375 B 151 391.090000
666 S 867 860.630000
184 B 610 305.410000
545 S 386 963.240000
118 B 776 368.660000
512 S 910 789.850000
930 S 542 974.070000
987 S 204 179.660000
570 S 953 394.100000
921 S 367 378.840000
994 B 922 933.200000
919 B 663 385.900000
808 S 836 212.540000
196 B 739 512.530000
24 B 1 666.680000
328 B 973 79.900000
593 B 974 95.960000
583 B 5 234.270000
846 B 613 726.290000
120 S 820 687.510000
722 S 555 269.860000
756 S 324 28.180000
918 B 736 503.260000
145 S 150 356.590000
963 B 934 804.900000
403 B 649 584.960000
836 B 515 6.530000
187 S 533 364.180000
231 S 340 834.150000
696 S 753 59.530000
768 S 801 670.170000
460 S 661 382.990000
37 S 251 933.290000
368 S 120 533.150000
598 B 177 802.180000
261 B 645 634.500000
953 B 499 529.390000
465 B 383 133.400000
18 S 856 45.550000
542 B 469 643.210000
594 S 377 415.280000
760 S 732 923.920000
538 B 248 164.360000
6 S 95 479.430000
805 B 504 427.660000
9 S 968 474.650000
508 B 983 871.500000
759 S 647 490.230000
419 S 991 300.460000
961 B 464 71.870000
60 B 811 478.920000
896 S 668 946.740000
144 S 644 67.260000
525 S 401 958.120000
493 B 419 526.930000
853 S 804 447.110000
50 S 702 751.650000
840 B 843 625.540000
702 S 648 197.640000
639 S 622 835.220000
966 B 105 319.310000
312 B 433 1.840000
915 B 698 947.550000
31 S 115 150.540000
128 B 247 295.370000
438 S 590 263.860000
935 S 999 623.540000
55 B 57 300.140000
459 S 513 126.820000
470 B 902 185.230000
160 S 680 827.860000
327 B 27 174.510000
991 S 10 37.120000
189 B 101 389.570000
504 B 612 259.070000
441 B 316 500.040000
219 S 632 208.360000
611 B 594 293.450000
168 S 543 743.350000
773 B 60 878.410000
983 B 186 395.300000
279 B 693 140.210000
249 S 562 583.780000
130 B 755 430.300000
91 B 37 804.380000
499 S 367 45.020000
58 B 500 815.750000
920 B 55 301.000000
101 S 528 554.220000
529 B 563 768.320000
554 S 141 934.840000
495 B 194 365.250000
777 S 796 71.860000
95 S 267 875.480000
129 B 440 710.040000
418 B 115 471.130000
393 B 271 123.680000
506 B 787 480.360000
941 S 404 961.290000
165 B 418 988.690000
967 B 386 86.700000
302 B 578 29.070000
562 B 638 399.700000
860 B 222 207.680000
46 S 902 873.820000
543 B 848 908.120000
254 S 35 526.410000
463 S 611 396.770000
448 S 967 179.410000
831 B 510 851.920000
117 S 894 753.720000
86 S 669 823.760000
893 S 228 103.980000
335 B 476 441.440000
886 S 154 84.680000
824 B 360 265.260000
181 S 194 441.350000
649 S 615 330.340000
792 S 111 507.350000
671 B 699 594.130000
197 B 779 804.860000
618 S 261 468.200000
758 S 742 755.370000
704 B 778 178.030000
273 B 930 750.250000
745 B 644 84.950000
864 B 486 99.980000
917 B 675 891.400000
992 S 4 923.090000
141 S 535 253.740000
72 B 31 956.630000
247 B 54 72.950000
659 B 300 524.400000
980 B 273 965.870000
517 S 573 58.720000
605 B 514 248.250000
276 S 123 296.700000
40 S 136 271.290000
346 S 115 660.900000
746 B 548 47.040000
408 B 105 316.150000
599 S 833 729.110000
889 B 768 651.350000
172 S 312 643.110000
422 B 656 713.510000
382 S 197 69.040000
681 S 425 396.770000
635 S 135 497.970000
547 S 529 794.470000
270 S 211 736.870000
162 S 151 639.470000
239 S 707 726.270000
947 S 437 831.810000
170 B 796 716.190000
658 B 17 843.650000
486 S 842 989.690000
982 B 229 714.750000
887 S 616 913.290000
642 S 279 735.110000
471 B 43 724.800000
789 S 933 990.360000
865 B 190 965.340000
266 S 151 211.180000
755 B 542 496.930000
369 B 197 460.010000
900 B 103 809.240000
99 B 531 521.190000
201 B 374 521.380000
521 B 232 453.860000
455 S 390 828.640000
809 B 100 813.350000
571 B 882 221.390000
955 S 13 202.000000
856 B 80 395.240000
159 S 211 280.320000
59 B 593 224.960000
794 S 926 381.940000
793 B 849 360.970000
880 B 443 96.520000
107 S 891 631.720000
679 S 968 202.600000
959 S 896 182.550000
647 B 170 641.600000
359 S 882 530.880000
113 B 430 754.670000
430 S 885 989.450000
949 S 26 307.490000
481 B 542 44.300000
345 S 958 267.980000
26 B 410 605.550000
662 B 989 32.640000
309 B 4 144.340000
220 S 105 170.960000
563 B 470 574.230000
362 B 95 642.460000
989 B 590 783.640000
307 B 462 862.370000
371 B 401 557.180000
399 S 194 483.330000
291 S 790 616.670000
71 S 755 366.790000
158 B 257 409.130000
163 S 110 970.560000
265 S 89 110.410000
522 B 58 267.980000
355 B 79 64.370000
221 B 52 283.860000
899 B 479 121.750000
191 S 540 22.100000
127 S 1 678.510000
395 B 250 997.390000
938 B 500 149.720000
483 B 669 889.470000
727 B 582 333.770000
890 B 171 423.750000
381 S 579 840.970000
740 B 382 418.100000
903 B 445 544.620000
248 S 410 996.260000
429 B 108 275.500000
847 S 102 688.080000
432 B 70 472.020000
607 B 167 854.270000
630 B 963 353.990000
638 B 394 684.850000
669 B 660 14.590000
850 B 95 33.840000
450 S 165 782.560000
811 S 630 966.850000
688 B 345 714.470000
122 B 739 302.980000
985 B 345 559.590000
931 S 414 422.020000
968 S 654 847.440000
150 S 764 527.780000
564 B 902 245.440000
960 B 559 255.000000
884 S 797 411.680000
258 B 625 505.980000
876 S 129 660.150000
313 S 196 265.660000
319 S 22 871.780000
436 S 82 926.080000
676 B 701 779.200000
861 S 363 327.090000
532 S 429 26.210000
289 S 158 614.870000
274 S 208 923.730000
222 S 871 995.320000
897 S 862 961.770000
38 S 506 126.040000
34 B 210 81.860000
314 B 44 576.860000
509 B 237 505.270000
386 S 23 945.340000
278 S 117 604.380000
723 S 633 635.190000
223 B 712 163.320000
204 S 156 86.550000
447 S 24 672.820000
719 B 549 446.000000
541 S 375 303.040000
357 B 940 472.770000
153 S 695 267.710000
950 S 363 821.810000
752 S 599 191.550000
464 B 444 911.860000
255 B 998 351.160000
741 S 103 320.800000
356 B 541 737.170000
580 S 547 686.020000
53 B 239 876.990000
750 B 763 763.940000
413 B 327 42.320000
800 S 782 110.880000
475 B 806 69.400000
997 S 73 579.960000
428 S 243 343.760000
149 B 530 632.220000
995 B 747 179.430000
492 B 556 643.690000
690 S 558 451.000000
352 B 435 817.120000
425 S 372 884.850000
96 S 36 727.800000
636 B 39 229.990000
343 B 108 180.560000
49 S 967 980.930000
823 S 54 44.300000
377 S 472 923.290000
905 B 214 596.570000
33 B 989 932.270000
379 S 86 490.610000
870 S 859 648.750000
209 S 353 501.610000
138 B 700 101.970000
