452 B 184 785.640000
565 B 234 324.190000
0 B 733 438.520000
113 B 430 754.670000
340 S 180 495.130000
227 B 645 872.180000
453 S 673 758.130000
792 S 111 507.350000
679 S 968 202.600000
905 B 214 596.570000
680 B 353 209.830000
341 S 924 524.810000
115 S 159 381.840000
2 B 10 667.940000
793 B 849 360.970000
907 B 190 582.640000
116 S 947 602.450000
342 B 372 62.410000
681 S 426 396.770000
455 S 390 828.640000
794 S 926 381.940000
4 B 833 615.640000
456 S 491 904.600000
117 S 787 753.720000
343 B 215 180.560000
796 S 100 639.530000
118 B 776 368.660000
570 S 953 394.100000
231 S 340 834.150000
910 B 343 679.920000
797 S 702 193.470000
6 S 95 479.430000
571 B 882 221.390000
345 S 958 267.980000
572 S -4 819.470000
911 S 831 683.370000
798 B 654 100.150000
7 B 187 904.110000
120 S 820 687.510000
459 S 39 126.820000
346 S 589 660.900000
234 S -332 703.620000
686 S 516 395.030000
121 S 844 780.590000
347 S 504 23.160000
460 S 415 382.990000
235 B 34 425.350000
9 S 968 474.650000
122 B 739 302.980000
800 S 782 110.880000
462 B 692 232.070000
575 S 453 675.590000
349 S 805 286.160000
688 B 345 714.470000
802 S 885 171.370000
124 B 92 155.560000
237 B 527 706.110000
689 S 837 528.680000
915 B 698 947.550000
463 S 611 396.770000
803 B 575 285.680000
12 S 980 99.740000
464 B 226 911.860000
690 S 558 451.000000
126 S 278 768.740000
578 B 792 355.430000
465 B 644 133.400000
917 B 675 891.400000
239 S 707 726.270000
352 B 435 817.120000
353 S 787 50.840000
692 B 286 107.930000
918 B 693 503.260000
805 B 547 427.660000
127 S 2 678.510000
693 B 125 404.610000
241 B -140 861.310000
919 B -83 385.900000
128 B 399 295.370000
580 S 547 686.020000
694 B 667 593.160000
242 B 943 561.850000
807 B -22 180.460000
920 B 170 301.000000
129 B 440 710.040000
355 B 148 64.370000
243 S 860 840.810000
921 S 367 378.840000
808 S 836 212.540000
130 B 755 430.300000
356 B 541 737.170000
922 B 777 998.870000
583 B 5 234.270000
696 S 753 59.530000
18 S 856 45.550000
470 B 902 185.230000
809 B 516 813.350000
357 B 940 472.770000
471 B 43 724.800000
698 S 189 665.040000
585 B 505 208.800000
359 S 882 530.880000
811 S 664 966.850000
925 B 29 274.110000
360 B 964 356.040000
134 S 32 333.330000
699 S 55 547.540000
247 B 113 72.950000
926 S -236 784.380000
813 B 829 822.630000
22 S 856 601.020000
248 S 410 996.260000
23 B 100 620.470000
588 S 278 254.090000
814 B 48 59.180000
249 S 494 583.780000
362 B 163 642.460000
475 B 806 69.400000
928 B 296 680.550000
250 B 372 374.970000
24 B 203 666.680000
702 S 648 197.640000
477 B 992 824.740000
138 B 700 101.970000
591 B 134 734.500000
478 B 313 334.940000
252 B 120 164.320000
930 S 551 974.070000
704 B 778 178.030000
26 B 410 605.550000
592 S 786 383.470000
818 S 680 518.730000
366 S 490 981.260000
140 B 628 618.320000
479 S 751 281.950000
931 S 414 422.020000
593 B 904 95.960000
254 S 105 526.410000
141 S 535 253.740000
820 S 674 780.570000
933 B -386 214.680000
142 B 679 478.360000
29 B 7 405.850000
368 S 938 533.150000
594 S 377 415.280000
481 B 542 44.300000
255 B 998 351.160000
934 B 706 43.970000
595 S 897 149.380000
482 S 952 496.360000
143 S 722 544.240000
369 B 197 460.010000
370 B 69 457.010000
257 B 32 740.160000
144 S 79 67.260000
31 S 450 150.540000
935 S 999 623.540000
483 B 917 889.470000
32 S 677 328.880000
484 B 953 498.730000
145 S 150 356.590000
371 B 401 557.180000
258 B 625 505.980000
823 S 54 44.300000
146 S 93 365.040000
372 S 27 831.910000
259 S 339 514.330000
598 B 177 802.180000
824 B 360 265.260000
33 B 989 932.270000
147 S 8 960.000000
825 S 263 302.210000
712 B 355 835.270000
260 S 48 947.110000
599 S 833 729.110000
486 S 842 989.690000
938 B 500 149.720000
34 B 428 81.860000
600 S 386 182.000000
826 B 644 112.400000
713 B 770 691.000000
487 S 637 889.760000
939 S 100 780.430000
374 B 98 427.490000
261 B 645 634.500000
262 B 198 68.930000
375 B 151 391.090000
149 B 530 632.220000
828 S 93 623.820000
489 B 822 720.080000
263 B 932 459.250000
37 S 251 933.290000
941 S 404 961.290000
150 S 764 527.780000
151 B 583 608.310000
264 B 358 877.580000
38 S 506 126.040000
377 S 472 923.290000
943 S 11 710.280000
604 B 484 459.690000
830 B 785 660.170000
265 S 89 110.410000
831 B -175 851.920000
605 B 720 248.250000
40 S 196 271.290000
266 S 325 211.180000
153 S -11 267.710000
492 B 801 643.690000
379 S 792 490.610000
832 S 8 53.900000
41 S 631 314.720000
493 B 419 526.930000
719 B 549 446.000000
946 S 240 466.850000
42 B 206 935.660000
381 S 579 840.970000
607 B 167 854.270000
834 B -58 229.890000
156 B 553 891.920000
608 S 873 346.710000
269 B 530 615.060000
495 B 194 365.250000
382 S 214 69.040000
947 S 437 831.810000
44 B 433 98.530000
157 B 992 815.730000
722 S 555 269.860000
270 S 211 736.870000
384 S 650 134.480000
271 S 196 333.750000
45 S -653 868.080000
836 B 908 6.530000
949 S 323 307.490000
158 B 362 409.130000
723 S 854 635.190000
498 B 352 253.640000
724 S 681 412.710000
272 B 446 637.900000
611 B 594 293.450000
46 S 902 873.820000
159 S 211 280.320000
950 S 363 821.810000
612 B 895 567.740000
47 B 542 755.700000
160 S -273 827.860000
499 S 948 45.020000
273 B 930 750.250000
386 S 605 945.340000
48 S 356 946.900000
387 S 568 590.740000
726 B 327 224.810000
500 B 95 320.230000
274 S 208 923.730000
501 B 56 865.100000
953 B 412 529.390000
840 B 843 625.540000
162 S 238 639.470000
727 B 582 333.770000
49 S 967 980.930000
615 S 507 415.950000
841 S 724 316.060000
502 B 123 557.030000
954 B 525 529.040000
50 S 702 751.650000
276 S 123 296.700000
163 S 376 970.560000
277 B 499 327.530000
955 S 124 202.000000
956 S 931 737.660000
617 B 730 749.940000
730 B 576 611.680000
52 S 717 217.860000
504 B 612 259.070000
165 B 530 988.690000
278 S 117 604.380000
844 S 487 727.230000
505 B 325 455.150000
279 B 693 140.210000
618 S 261 468.200000
53 B 239 876.990000
619 B 801 394.770000
280 B 1 155.640000
54 B 816 410.450000
393 B 271 123.680000
506 B 787 480.360000
281 B -27 801.710000
846 B 580 726.290000
55 B 736 300.140000
168 S 576 743.350000
959 S 896 182.550000
734 S 920 295.880000
282 B -673 363.830000
508 B 983 871.500000
395 B 762 997.390000
847 S 102 688.080000
960 B 559 255.000000
622 B 257 671.720000
961 B 464 71.870000
170 B 630 716.190000
509 B 403 505.270000
510 B 527 789.700000
849 S 852 479.740000
58 B 500 815.750000
398 S 882 384.830000
511 S 799 119.150000
624 S 689 875.240000
963 B 934 804.900000
172 S 312 643.110000
59 B 593 224.960000
850 B 95 33.840000
738 B 231 267.270000
964 S 741 354.850000
625 B 703 358.100000
512 S 910 789.850000
60 B 811 478.920000
399 S 726 483.330000
739 S 599 920.180000
965 S 435 279.910000
401 B 11 143.210000
853 S 111 447.110000
966 B 105 319.310000
740 B 382 418.100000
854 S -93 607.630000
515 S 232 207.120000
967 B 568 86.700000
289 S 225 614.870000
741 S 103 320.800000
516 S 105 301.190000
177 B 318 528.260000
629 S 31 416.570000
855 B 20 894.060000
403 B 649 584.960000
968 S 654 847.440000
178 B -397 667.000000
404 S 688 534.090000
517 S 573 58.720000
856 B 612 395.240000
291 S 790 616.670000
630 B 963 353.990000
179 S 217 377.580000
292 S 843 572.520000
405 S 201 819.640000
631 S 712 152.790000
858 B 814 147.190000
67 B 958 145.670000
745 B 644 84.950000
68 S 940 870.490000
294 S 316 160.350000
859 S 61 551.910000
181 S 194 441.350000
746 B 548 47.040000
182 S 826 802.730000
860 B 222 207.680000
408 B 105 316.150000
521 B 232 453.860000
974 B 199 702.610000
635 S -83 497.970000
522 B 58 267.980000
861 S 581 327.090000
410 S 360 8.950000
862 B 218 90.390000
184 B 610 305.410000
71 S 929 366.790000
636 B 72 229.990000
411 B 628 559.720000
185 S 770 77.760000
524 B 73 234.370000
72 B 299 956.630000
750 B 763 763.940000
977 S 338 336.070000
751 B 296 16.040000
73 B 481 292.700000
186 S 118 509.650000
412 B 220 506.430000
525 S 401 958.120000
864 B 486 99.980000
638 B 394 684.850000
300 B -79 850.350000
187 S 371 364.180000
639 S 622 835.220000
865 B 190 965.340000
752 S 599 191.550000
413 B 489 42.320000
979 S 210 390.780000
754 S 447 311.870000
76 B 748 534.680000
641 B 300 416.070000
189 B 200 389.570000
302 B 786 29.070000
980 B 657 965.870000
529 B 563 768.320000
642 S 549 735.110000
755 B 542 496.930000
869 S 291 800.470000
78 B 972 833.240000
530 B 869 816.720000
756 S -65 28.180000
982 B 229 714.750000
191 S 929 22.100000
79 B 206 711.060000
644 S 597 637.010000
757 B 13 175.820000
983 B 186 395.300000
418 B 455 471.130000
870 S 859 648.750000
871 B 771 120.520000
419 S 991 300.460000
758 S 742 755.370000
532 S 429 26.210000
872 B 805 822.030000
759 S 635 490.230000
307 B 462 862.370000
985 B 345 559.590000
534 B 775 558.670000
986 S 941 41.160000
308 B 284 733.180000
873 S 840 487.820000
760 S 732 923.920000
647 B 170 641.600000
648 S 369 897.640000
987 S 191 179.660000
196 B 739 512.530000
422 B 656 713.510000
309 B 17 144.340000
875 S 404 511.050000
649 S 585 330.340000
197 B 809 804.860000
650 S 588 989.600000
198 B 386 335.940000
763 B 530 124.760000
989 B 472 783.640000
876 S 247 660.150000
199 S 984 20.210000
764 S 816 19.140000
990 B 980 586.740000
651 S 115 843.430000
538 B 81 164.360000
312 B 433 1.840000
86 S 669 823.760000
425 S 539 884.850000
87 B 201 97.280000
765 B 688 12.560000
426 B 626 968.560000
539 S -8 630.500000
200 B 175 615.470000
991 S 21 37.120000
313 S 196 265.660000
540 S 336 160.570000
992 S -47 923.090000
201 B 425 521.380000
314 B 61 576.860000
654 S -187 126.140000
202 S 517 294.320000
767 B 614 957.080000
315 B 90 458.090000
880 B 443 96.520000
541 S 375 303.040000
428 S 402 343.760000
203 B 730 48.110000
881 B 909 965.230000
655 S 344 645.070000
994 B 922 933.200000
768 S 801 670.170000
542 B 469 643.210000
429 B 108 275.500000
317 S 334 958.620000
769 S 293 518.300000
91 B 262 804.380000
543 B 848 908.120000
430 S 885 989.450000
204 S 156 86.550000
995 B 747 179.430000
431 S 38 755.850000
883 B 22 586.530000
771 B 276 80.060000
545 S 220 963.240000
658 B 17 843.650000
432 B 181 472.020000
884 S 797 411.680000
319 S 30 871.780000
997 S 124 579.960000
207 S 534 781.340000
885 S 194 932.810000
998 S 19 910.390000
320 B 479 396.280000
659 B 872 524.400000
321 B -16 565.530000
208 B 176 578.610000
773 B 107 878.410000
95 S 623 875.480000
886 S 704 84.680000
547 S 529 794.470000
774 B 165 53.640000
548 B 640 115.650000
887 S 708 913.290000
96 S -24 727.800000
209 S 413 501.610000
97 B 832 723.460000
662 B 900 32.640000
436 S 171 926.080000
776 B 74 198.910000
324 B 830 772.830000
889 B 768 651.350000
664 B 768 678.150000
325 B 675 327.430000
551 S 597 862.250000
438 S 590 263.860000
777 S 796 71.860000
99 B 531 521.190000
890 B 184 423.750000
100 B 790 411.740000
892 S 973 699.710000
779 B 358 405.810000
553 B 642 160.280000
440 B 920 824.840000
666 S 867 860.630000
327 B 27 174.510000
101 S 908 554.220000
780 S 713 490.370000
215 B 512 5.090000
328 B 973 79.900000
441 B 878 500.040000
554 S 597 934.840000
893 S 297 103.980000
894 B 282 687.160000
103 B 52 271.370000
216 S 478 158.730000
443 B 446 477.570000
330 B 215 909.790000
217 S 261 620.960000
669 B 660 14.590000
557 B 544 69.450000
896 S 668 946.740000
106 B 388 234.080000
332 S 641 357.880000
784 S 793 340.250000
558 S 491 162.390000
219 S 632 208.360000
671 B 699 594.130000
897 S 867 961.770000
333 S 821 583.600000
107 S 671 631.720000
220 S 325 170.960000
108 S -587 929.190000
221 B -82 283.860000
899 B 479 121.750000
447 S 774 672.820000
448 S 777 179.410000
335 B 666 441.440000
900 B 103 809.240000
222 S 871 995.320000
449 S 728 521.780000
788 B 484 371.430000
562 B 974 399.700000
223 B 712 163.320000
224 B -109 28.100000
789 S 933 990.360000
563 B 470 574.230000
450 S 165 782.560000
676 B 701 779.200000
451 S 253 627.760000
112 S 967 783.600000
338 B 847 418.740000
677 B 709 284.660000
903 B 445 544.620000
564 B 902 245.440000
